3 23
111111111111111111111111111111111111111111111111111111111111111111111111111111111
1                 1                                                             1
1   L             1                                                             1
1                 1                                                  W          1
1111111111        1           111111111111111111                                1
1                 1                                                             1
1                 1                                       11111111111111111111111
1                                                           1           1       1
1                                                           1           1       1
1                                                                       1       1
1                                     *                                 1       1
1                                   *****                                       1
111111111111111111111              *******                  1                   1
1              1                    *****                   1                   1
1              1                      *                     1                   1
1              1                                            1                   1
1                                                           1                   1
1                                     P           1111111111111     1111111111111
1              1                                  1                             1
1              1                                  1                             1
1              1                                                                1
1      B       1                      2                              G          1
1              1                                  1                             1
1              1                                  1                             1
1              1                                  1                             1
111111111111111111111111111111111111111111111111111111111111111111111111111111111