100000000000000000300000000000000000000000000000000000000000000000000000000000001
1                 1                                                             1
1                 1                                                             1
1                 1                                                             1
6000000000        1           000000000000000000                                1
1                 1                                                             1
1                 1                                       00300000000000300000005
1                                                           1           1       1
1                                                           1           1       1
1                                                                       1       1
1                                                                       1       1
1                                                                               1
600000000000000300000                                       1                   1
1              1                                            1                   1
1              1                                            1                   1
1              1                                            1                   1
1                                                           1                   1
1                                                 7000000000400     0000000000005
1              1                                  1                             1
1              1                                  1                             1
1              1                                                                1
1              1                                                                1
1              1                                  1                             1
1              1                                  1                             1
1              1                                  1                             1
100000000000000400000000000000000000000000000000004000000000000000000000000000001